0	+	5
0	-	5
0	0	1
0	1	1
0	2	1
0	3	1
0	4	1
0	5	1
0	6	1
0	7	1
0	8	1
0	9	1
0	A	3
0	B	3
0	C	3
0	D	3
0	E	3
0	F	3
0	G	3
0	H	3
0	I	3
0	J	3
0	K	3
0	L	3
0	M	3
0	N	3
0	O	3
0	P	3
0	Q	3
0	R	3
0	S	3
0	T	3
0	U	3
0	V	3
0	W	3
0	X	3
0	Y	3
0	Z	3
0	a	4
0	b	4
0	c	4
0	d	4
0	e	4
0	f	4
0	g	4
0	h	4
0	i	4
0	j	4
0	k	4
0	l	4
0	m	4
0	n	4
0	o	4
0	p	4
0	q	4
0	r	4
0	s	4
0	t	4
0	u	4
0	v	4
0	w	4
0	x	4
0	y	4
0	z	4
0	Á	3
0	Ä	3
0	É	3
0	Ö	3
0	Ü	3
0	ß	4
0	à	4
0	á	4
0	â	4
0	ã	4
0	ä	4
0	ç	4
0	è	4
0	é	4
0	ê	4
0	ë	4
0	ì	4
0	í	4
0	î	4
0	ï	4
0	ò	4
0	ó	4
0	ô	4
0	ö	4
0	ù	4
0	ú	4
0	û	4
0	ü	4
1	,	1
1	-	1
1	.	1
1	/	1
1	0	1
1	1	1
1	2	1
1	3	1
1	4	1
1	5	1
1	6	1
1	7	1
1	8	1
1	9	1
1	:	1
3	!	3
3	"	3
3	$	3
3	%	3
3	&	3
3	'	3
3	(	3
3	)	3
3	*	3
3	+	3
3	,	3
3	-	3
3	.	3
3	/	3
3	0	3
3	1	3
3	2	3
3	3	3
3	4	3
3	5	3
3	6	3
3	7	3
3	8	3
3	9	3
3	:	3
3	;	3
3	=	3
3	?	3
3	@	3
3	A	3
3	B	3
3	C	3
3	D	3
3	E	3
3	F	3
3	G	3
3	H	3
3	I	3
3	J	3
3	K	3
3	L	3
3	M	3
3	N	3
3	O	3
3	P	3
3	Q	3
3	R	3
3	S	3
3	T	3
3	U	3
3	V	3
3	W	3
3	X	3
3	Y	3
3	Z	3
3	_	3
3	`	3
3	a	3
3	b	3
3	c	3
3	d	3
3	e	3
3	f	3
3	g	3
3	h	3
3	i	3
3	j	3
3	k	3
3	l	3
3	m	3
3	n	3
3	o	3
3	p	3
3	q	3
3	r	3
3	s	3
3	t	3
3	u	3
3	v	3
3	w	3
3	x	3
3	y	3
3	z	3
3	§	3
3	Á	3
3	Ä	3
3	É	3
3	Ö	3
3	Ü	3
3	ß	3
3	à	3
3	á	3
3	â	3
3	ã	3
3	ä	3
3	ç	3
3	è	3
3	é	3
3	ê	3
3	ë	3
3	ì	3
3	í	3
3	î	3
3	ï	3
3	ò	3
3	ó	3
3	ô	3
3	ö	3
3	ù	3
3	ú	3
3	û	3
3	ü	3
4	!	4
4	"	4
4	$	4
4	%	4
4	&	4
4	'	4
4	(	4
4	)	4
4	*	4
4	+	4
4	,	4
4	-	4
4	.	4
4	/	4
4	0	4
4	1	4
4	2	4
4	3	4
4	4	4
4	5	4
4	6	4
4	7	4
4	8	4
4	9	4
4	:	4
4	;	4
4	=	4
4	?	4
4	@	4
4	A	4
4	B	4
4	C	4
4	D	4
4	E	4
4	F	4
4	G	4
4	H	4
4	I	4
4	J	4
4	K	4
4	L	4
4	M	4
4	N	4
4	O	4
4	P	4
4	Q	4
4	R	4
4	S	4
4	T	4
4	U	4
4	V	4
4	W	4
4	X	4
4	Y	4
4	Z	4
4	_	4
4	`	4
4	a	4
4	b	4
4	c	4
4	d	4
4	e	4
4	f	4
4	g	4
4	h	4
4	i	4
4	j	4
4	k	4
4	l	4
4	m	4
4	n	4
4	o	4
4	p	4
4	q	4
4	r	4
4	s	4
4	t	4
4	u	4
4	v	4
4	w	4
4	x	4
4	y	4
4	z	4
4	§	4
4	Á	4
4	Ä	4
4	É	4
4	Ö	4
4	Ü	4
4	ß	4
4	à	4
4	á	4
4	â	4
4	ã	4
4	ä	4
4	ç	4
4	è	4
4	é	4
4	ê	4
4	ë	4
4	ì	4
4	í	4
4	î	4
4	ï	4
4	ò	4
4	ó	4
4	ô	4
4	ö	4
4	ù	4
4	ú	4
4	û	4
4	ü	4
5	0	1
5	1	1
5	2	1
5	3	1
5	4	1
5	5	1
5	6	1
5	7	1
5	8	1
5	9	1
1	wordclass	1
3	wordclass	2
4	wordclass	3
